0.000000 0.000000000000000
0.015000 0.000074439609375
0.030000 0.000146651571724
0.045000 0.000216685884840
0.060000 0.000284591549036
0.075000 0.000350416585803
0.090000 0.000414208056132
0.105000 0.000476012078504
0.120000 0.000535873846562
0.135000 0.000593837646460
0.150000 0.000649946873902
0.165000 0.000704244050874
0.180000 0.000756770842078
0.195000 0.000807568071063
0.210000 0.000856675736071
0.225000 0.000904133025594
0.240000 0.000949978333652
0.255000 0.000994249274794
0.270000 0.001036982698828
0.285000 0.001078214705287
0.300000 0.001117980657628
0.315000 0.001156315197180
0.330000 0.001193252256837
0.345000 0.001228825074499
0.360000 0.001263066206279
0.375000 0.001296007539459
0.390000 0.001327680305220
0.405000 0.001358115091134
0.420000 0.001387341853436
0.435000 0.001415389929065
0.450000 0.001442288047494
0.465000 0.001468064342338
0.480000 0.001492746362753
0.495000 0.001516361084631
0.510000 0.001538934921583
0.525000 0.001560493735730
0.540000 0.001581062848291
0.555000 0.001600667049979
0.570000 0.001619330611211
0.585000 0.001637077292123
0.600000 0.001653930352411
0.615000 0.001669912560986
0.630000 0.001685046205453
0.645000 0.001699353101416
0.660000 0.001712854601617
0.675000 0.001725571604898
0.690000 0.001737524565008
0.705000 0.001748733499240
0.720000 0.001759217996916
0.735000 0.001768997227713
0.750000 0.001778089949830
0.765000 0.001786514518019
0.780000 0.001794288891449
0.795000 0.001801430641443
0.810000 0.001807956959058
0.825000 0.001813884662534
0.840000 0.001819230204600
0.855000 0.001824009679648
0.870000 0.001828238830772
0.885000 0.001831933056680
0.900000 0.001835107418471
0.915000 0.001837776646295
0.930000 0.001839955145881
0.945000 0.001841657004951
0.960000 0.001842895999510
0.975000 0.001843685600021
0.990000 0.001844038977460
1.005000 0.001843969009270
1.020000 0.001843488285190
1.035000 0.001842609112986
1.050000 0.001841343524067
1.065000 0.001839703279001
1.080000 0.001837699872929
1.095000 0.001835344540871
1.110000 0.001832648262937
1.125000 0.001829621769445
1.140000 0.001826275545932
1.155000 0.001822619838080
1.170000 0.001818664656544
1.185000 0.001814419781695
1.200000 0.001809894768268
1.215000 0.001805098949922
1.230000 0.001800041443724
1.245000 0.001794731154531
1.260000 0.001789176779310
1.275000 0.001783386811356
1.290000 0.001777369544447
1.305000 0.001771133076908
1.320000 0.001764685315609
1.335000 0.001758033979874
1.350000 0.001751186605330
1.365000 0.001744150547671
1.380000 0.001736932986359
1.395000 0.001729540928249
1.410000 0.001721981211148
1.425000 0.001714260507303
1.440000 0.001706385326830
1.455000 0.001698362021064
1.470000 0.001690196785861
1.485000 0.001681895664824
1.500000 0.001673464552472
1.515000 0.001664909197353
1.530000 0.001656235205086
1.545000 0.001647448041357
1.560000 0.001638553034848
1.575000 0.001629555380115
1.590000 0.001620460140409
1.605000 0.001611272250438
1.620000 0.001601996519089
1.635000 0.001592637632079
1.650000 0.001583200154571
1.665000 0.001573688533728
1.680000 0.001564107101227
1.695000 0.001554460075714
1.710000 0.001544751565220
1.725000 0.001534985569527
1.740000 0.001525165982487
1.755000 0.001515296594295
1.770000 0.001505381093720
1.785000 0.001495423070294
1.800000 0.001485426016453
1.815000 0.001475393329640
1.830000 0.001465328314367
1.845000 0.001455234184233
1.860000 0.001445114063905
1.875000 0.001434970991064
1.890000 0.001424807918304
1.905000 0.001414627714998
1.920000 0.001404433169132
1.935000 0.001394226989093
1.950000 0.001384011805430
1.965000 0.001373790172576
1.980000 0.001363564570536
1.995000 0.001353337406544
2.010000 0.001343111016687
2.025000 0.001332887667488
2.040000 0.001322669557475
2.055000 0.001312458818699
2.070000 0.001302257518238
2.085000 0.001292067659659
2.100000 0.001281891184460
2.115000 0.001271729973476
2.130000 0.001261585848261
2.145000 0.001251460572440
2.160000 0.001241355853035
2.175000 0.001231273341765
2.190000 0.001221214636320
2.205000 0.001211181281602
2.220000 0.001201174770955
2.235000 0.001191196547356
2.250000 0.001181248004591
2.265000 0.001171330488403
2.280000 0.001161445297619
2.295000 0.001151593685249
2.310000 0.001141776859571
2.325000 0.001131995985187
2.340000 0.001122252184057
2.355000 0.001112546536520
2.370000 0.001102880082283
2.385000 0.001093253821399
2.400000 0.001083668715217
2.415000 0.001074125687320
2.430000 0.001064625624437
2.445000 0.001055169377343
2.460000 0.001045757761732
2.475000 0.001036391559078
2.490000 0.001027071517478
2.505000 0.001017798352473
2.520000 0.001008572747859
2.535000 0.000999395356471
2.550000 0.000990266800961
2.565000 0.000981187674554
2.580000 0.000972158541789
2.595000 0.000963179939243
2.610000 0.000954252376245
2.625000 0.000945376335566
2.640000 0.000936552274108
2.655000 0.000927780623559
2.670000 0.000919061791056
2.685000 0.000910396159815
2.700000 0.000901784089762
2.715000 0.000893225918138
2.730000 0.000884721960102
2.745000 0.000876272509316
2.760000 0.000867877838514
2.775000 0.000859538200065
2.790000 0.000851253826525
2.805000 0.000843024931165
2.820000 0.000834851708505
2.835000 0.000826734334820
2.850000 0.000818672968647
2.865000 0.000810667751277
2.880000 0.000802718807229
2.895000 0.000794826244730
2.910000 0.000786990156165
2.925000 0.000779210618536
2.940000 0.000771487693893
2.955000 0.000763821429771
2.970000 0.000756211859606
2.985000 0.000748659003149
