//RAWDARKCURRENT//

//5202033419//
10	38.3
50	44
100	51
150	55
200	71
250	98
300	118
350	145
380	197
390	230
400	281
410	376
420	660
425	1120

//8715092948//
10	29.4
50	36.5
100	39
150	47.5
200	82.4
250	89.2
300	94.5
350	110
380	131
390	140
400	152
410	167
420	189
425	211
430	224
440	257
450	304
455	338
460	388
465	483
470	915
471	1140

//8619091392//
10	65.7
50	78.5
100	90.5
150	103
200	130
250	162
300	255
350	377
380	432
390	455
400	484
410	526
420	585
425	622
430	668
435	726
440	799
445	896
450	1040
455	1272

//8810094576//
10	39.7
50	47.1
100	52.2
150	63.9
200	88.2
250	110.8
300	160
350	199
400	293.8
420	380.4
430	447
440	551.5
445	621.9
450	717.5
455	864.4
460	1115.1

//RAWGAIN//

//5202033419//
10	82
50	88
100	96
150	109
200	154
250	260
300	470
350	1020
380	1890
390	2400
400	3110
410	4070
415	4680
420	5390
425	6150
430	7060
435	8040
440	9110
445	1026

//8715092948//
10	82
50	91
100	98
150	118
200	180
250	237
290	310
320	460
350	560
380	850
390	1000
400	1200
410	1460
420	1860
430	2260
440	2880
450	3740
460	4890
465	5610
470	6420
475	7340
480	8340
485	9430
490	10600

//8619091392//
10	125
50	144
100	163
150	190
200	252
250	345
290	490
320	710
350	980
380	1351
400	1820
410	2160
420	2630
430	3240
440	4060
450	5160
455	5830
460	6590
465	7400
470	8380
475	9400
480	10500

//8810094576//
10	98
50	106
100	116
150	142
200	196
250	272
280	363
300	431
320	514
350	700
380	1050
400	1450
420	1750
430	2150
440	3380
445	3820
450	4340
455	4930
460	561
465	6370
470	7240
475	8190
480	9230
485	10300
